%YAML:1.0
---
locations: [ 6.89865232e-01, 8.08286786e-01, 9.26708341e-01,
    1.04512990e+00, 1.16355145e+00, 1.28197300e+00, 1.40039456e+00,
    1.51881611e+00, 1.63723767e+00, 1.75565922e+00, 1.87408078e+00,
    1.99250233e+00, 2.11092377e+00, 2.22934532e+00 ]
