%YAML:1.0
locations: [ 8.38890493e-001, 9.67595339e-001, 1.09630013e+000,
    1.22500503e+000, 1.35370982e+000, 1.48241460e+000, 1.61111951e+000,
    1.73982430e+000, 1.86852920e+000, 1.99723399e+000, 2.12593889e+000,
    2.25464368e+000, 2.38334846e+000, 2.51205325e+000, 2.64075828e+000,
    2.76946306e+000, 2.89816785e+000 ]
