%YAML:1.0
locations: [ 6.29170358e-001, 7.70683289e-001, 9.12196219e-001,
    1.05370915e+000, 1.19522214e+000, 1.33673501e+000, 1.47824800e+000,
    1.61976087e+000, 1.76127386e+000, 1.90278673e+000, 2.04429960e+000,
    2.18581271e+000, 2.32732558e+000, 2.46883845e+000, 2.61035132e+000,
    2.75186443e+000, 2.89337730e+000 ]
