%YAML:1.0
_fFx: 5.769354575373087e+002
_fFy: 5.766319570793835e+002
_u: 3.161788520304472e+002
_v: 2.515240541306558e+002
_sWidth: 640
_sHeight: 480
_cvmDistCoeffs: !!opencv-matrix
   rows: 1
   cols: 5
   dt: d
   data: [ -3.175012897501880e-002, 4.046646588312119e-002,
       6.833971028276893e-004, -3.458198510332238e-004,
       0 ]
