%YAML:1.0
mRGBK: !!opencv-matrix
   rows: 3
   cols: 3
   dt: d
   data: [ 5.393676249926111e+002, 0., 3.175861887689174e+002, 0.,
       5.393206143515481e+002, 2.435043223738542e+002, 0., 0., 1. ]
mRGBDistCoeffs: !!opencv-matrix
   rows: 5
   cols: 1
   dt: d
   data: [ 4.0975782803678e-002, -1.30360935983765e-001,
       1.921545360036e-003, -4.78280544876e-004,
       0 ]
cvmImageResolution: !!opencv-matrix
   rows: 2
   cols: 1
   dt: i
   data: [ 640, 480 ]
mIRK: !!opencv-matrix
   rows: 3
   cols: 3
   dt: d
   data: [ 5.769354575373087e+002, 0., 3.161788520304472e+002, 0.,
      5.766319570793835e+002, 2.515240541306558e+002, 0., 0., 1. ]
mIRDistCoeffs: !!opencv-matrix
   rows: 1
   cols: 5
   dt: d
   data: [ -3.1750128975019e-002, 4.0466465883121e-002,
       6.83397102828e-004, -3.45819851033e-004,
       0 ]
cvmRelativeRotation: !!opencv-matrix
   rows: 3
   cols: 3
   dt: d
   data: [ 9.999926735329261e-001, 3.224990440343691e-003,
       -2.062114722883129e-003, -3.233027661083791e-003,
       9.999871445595905e-001, -3.906180704891325e-003,
       2.049490818058630e-003, 3.912818960326431e-003,
       9.999902446700020e-001 ]
cvmRelativeTranslation: !!opencv-matrix
   rows: 3
   cols: 1
   dt: d
   data: [ 2.6372369354883904e-002, 9.5655516466161e-005,
       5.64541991186482e-004 ]
