%YAML:1.0
locations: [ 7.71215379e-001, 8.90230417e-001, 1.00924551e+000,
    1.12826061e+000, 1.24727571e+000, 1.36629081e+000, 1.48530579e+000,
    1.60432088e+000, 1.72333598e+000, 1.84235108e+000, 1.96136618e+000,
    2.08038116e+000, 2.19939637e+000, 2.31841135e+000, 2.43742633e+000,
    2.55644155e+000, 2.67545652e+000, 2.79447174e+000, 2.91348672e+000,
    3.03250194e+000, 3.15151691e+000, 3.27053189e+000, 3.38954711e+000,
    3.50856209e+000, 3.62757730e+000, 3.74659228e+000, 3.86560726e+000,
    3.98462248e+000 ]
